{
    "surfaces": [
        {
            "id": "B1A1F258-BEF9-4932-BB12-5E62A2190349",
            "edges": [
                false,
                false,
                false,
                false
            ],
            "confidence": "high",
            "transform": [
                0.7236955165863037,
                0.0,
                0.6901194453239441,
                0.0,
                0.0,
                0.9999999403953552,
                0.0,
                0.0,
                -0.6901193857192993,
                0.0,
                0.7236954569816589,
                0.0,
                1.0332562923431396,
                0.2766485810279846,
                -0.18603730201721191,
                1.0
            ],
            "category": "wall",
            "scale": {
                "x": 3.8385584354400635,
                "y": 2.959667682647705,
                "z": 0
            }
        },
        {
            "id": "CD11B768-F371-4734-AFB1-7BB3249C738E",
            "edges": [
                false,
                false,
                false,
                false
            ],
            "confidence": "high",
            "transform": [
                -0.6901193261146545,
                0.0,
                0.7236954569816589,
                0.0,
                0.0,
                0.9999999403953552,
                0.0,
                0.0,
                -0.7236955165863037,
                0.0,
                -0.6901193261146545,
                0.0,
                1.1861575841903687,
                0.2766485810279846,
                2.4347047805786133,
                1.0
            ],
            "category": "wall",
            "scale": {
                "x": 3.5821986198425293,
                "y": 2.959667682647705,
                "z": 0
            }
        },
        {
            "id": "D0F0E502-1E36-41C2-BD70-810C71A8808D",
            "edges": [
                false,
                false,
                false,
                false
            ],
            "confidence": "high",
            "transform": [
                0.6901195049285889,
                0.0,
                -0.7236955165863037,
                0.0,
                0.0,
                0.9999999403953552,
                0.0,
                0.0,
                0.7236955165863037,
                0.0,
                0.6901194453239441,
                0.0,
                -1.5460700988769531,
                0.2766485810279846,
                -0.2623029947280884,
                1.0
            ],
            "category": "wall",
            "scale": {
                "x": 3.449700355529785,
                "y": 2.959667682647705,
                "z": 0
            }
        },
        {
            "id": "BCD6034E-E506-4D79-A55D-8F4358985776",
            "edges": [
                false,
                false,
                false,
                false
            ],
            "confidence": "high",
            "transform": [
                -0.7236954569816589,
                0.0,
                -0.6901193261146545,
                0.0,
                0.0,
                0.9999999403953552,
                0.0,
                0.0,
                0.6901193261146545,
                0.0,
                -0.7236955165863037,
                0.0,
                -1.169244647026062,
                0.2766485810279846,
                2.663517475128174,
                1.0
            ],
            "category": "wall",
            "scale": {
                "x": 3.093371629714966,
                "y": 2.959667682647705,
                "z": 0
            }
        },
        {
            "id": "ED3F4DA6-B4A4-4A31-97E1-BC4A39D10525",
            "edges": [
                false,
                false,
                false,
                false
            ],
            "confidence": "high",
            "transform": [
                -0.7236949801445007,
                0.0,
                -0.6901201009750366,
                0.0,
                0.0,
                0.9999999403953552,
                0.0,
                0.0,
                0.6901201009750366,
                0.0,
                -0.723694920539856,
                0.0,
                -2.4667797088623047,
                0.2766485810279846,
                1.2430967092514038,
                1.0
            ],
            "category": "wall",
            "scale": {
                "x": 0.7451848387718201,
                "y": 2.959667682647705,
                "z": 0
            }
        },
        {
            "id": "5C88B29F-CB22-4545-A4EA-9B761DA66BD5",
            "edges": [
                false,
                false,
                false,
                false
            ],
            "confidence": "high",
            "transform": [
                0.6901085376739502,
                0.0,
                -0.7237057685852051,
                0.0,
                0.0,
                0.9999999403953552,
                0.0,
                0.0,
                0.7237058281898499,
                0.0,
                0.6901085376739502,
                0.0,
                -2.2428553104400635,
                0.2766485810279846,
                1.5481748580932617,
                1.0
            ],
            "category": "wall",
            "scale": {
                "x": 0.1324978768825531,
                "y": 2.959667682647705,
                "z": 0
            }
        },
        {
            "id": "29C73853-97CE-43CF-B979-08E7F523F7B3",
            "edges": [
                false,
                false,
                false,
                false
            ],
            "confidence": "high",
            "transform": [
                -0.6901193857192993,
                0.0,
                0.7236956357955933,
                0.0,
                0.0,
                1.0000001192092896,
                0.0,
                0.0,
                -0.7236955761909485,
                0.0,
                -0.6901192665100098,
                0.0,
                2.060788869857788,
                -0.13743853569030762,
                1.5175204277038574,
                1.0
            ],
            "category": "door",
            "scale": {
                "x": 0.871561586856842,
                "y": 2.13149356842041,
                "z": 0
            },
            "isOpen": false
        },
        {
            "id": "D10FEB75-CCB2-4F72-8607-48AE7B5E5643",
            "edges": [
                false,
                false,
                false,
                false
            ],
            "confidence": "medium",
            "transform": [
                0.6901194453239441,
                0.0,
                -0.7236953973770142,
                0.0,
                0.0,
                0.9999998807907104,
                0.0,
                0.0,
                0.7236954569816589,
                0.0,
                0.6901194453239441,
                0.0,
                -1.5699834823608398,
                0.3840733766555786,
                -0.23722630739212036,
                1.0
            ],
            "category": "window",
            "scale": {
                "x": 1.054930567741394,
                "y": 1.1049410104751587,
                "z": 0
            }
        }
    ],
    "objects": [
        {
            "id": "9C041969-296E-465A-804A-1BACEA6CBAD2",
            "confidence": "medium",
            "transform": [
                -0.8415238261222839,
                0.0,
                -0.5402198433876038,
                0.0,
                0.0,
                1.0,
                0.0,
                0.0,
                0.5402198433876038,
                0.0,
                -0.8415238261222839,
                0.0,
                0.9910316302212171,
                -0.783364474773407,
                0.5466364809271593,
                1.0
            ],
            "category": "chair",
            "scale": {
                "x": 0.4791486859321594,
                "y": 0.8396413326263428,
                "z": 0.47688254714012146
            }
        },
        {
            "id": "E14DACCD-452C-45CF-A62E-58FEE95F2B74",
            "confidence": "medium",
            "transform": [
                -0.7236955165863037,
                0.0,
                -0.6901194453239441,
                0.0,
                0.0,
                1.0,
                0.0,
                0.0,
                0.6901194453239441,
                0.0,
                -0.7236954569816589,
                0.0,
                -1.5866607607591474,
                -0.8804208636283875,
                0.7139742754684232,
                1.0
            ],
            "category": "bed",
            "scale": {
                "x": 1.2986377477645874,
                "y": 0.6455289125442505,
                "z": 1.9645928144454956
            }
        },
        {
            "id": "4111C90B-6500-4778-AC02-7E9AD9C47361",
            "confidence": "medium",
            "transform": [
                -0.6901196241378784,
                0.0,
                0.7236952781677246,
                0.0,
                0.0,
                0.9999999403953552,
                0.0,
                0.0,
                -0.7236952185630798,
                0.0,
                -0.6901195645332336,
                0.0,
                0.45720277927363767,
                -0.03163617104291916,
                2.787334309260107,
                1.0
            ],
            "category": "storage",
            "scale": {
                "x": 2.0792393684387207,
                "y": 2.3430981636047363,
                "z": 0.5733171105384827
            }
        },
        {
            "id": "DD734DCA-4594-40AB-9BF9-A7CE4C0AA208",
            "confidence": "medium",
            "transform": [
                -0.7236952185630798,
                0.0,
                -0.6901195049285889,
                0.0,
                0.0,
                1.0,
                0.0,
                0.0,
                0.6901195049285889,
                0.0,
                -0.7236952185630798,
                0.0,
                -0.3592372033995164,
                -0.9261075854301453,
                2.0640599804659354,
                1.0
            ],
            "category": "bed",
            "scale": {
                "x": 1.3680981397628784,
                "y": 0.5541555881500244,
                "z": 1.9604029655456543
            }
        },
        {
            "id": "5DE92784-7A70-454B-A340-0CE71C39B297",
            "confidence": "medium",
            "transform": [
                -0.7236956357955933,
                0.0,
                -0.6901190876960754,
                0.0,
                0.0,
                1.0,
                0.0,
                0.0,
                0.6901190876960754,
                0.0,
                -0.7236956357955933,
                0.0,
                -1.5929507994733902,
                -0.9458100199699402,
                1.9377636508974525,
                1.0
            ],
            "category": "storage",
            "scale": {
                "x": 0.5578836798667908,
                "y": 0.5147507190704346,
                "z": 0.4564693868160248
            }
        }
    ]
}